number_of_sinks 100

sink 24 5.1 -19.5
sink 99 -8.6 -4.1
sink 35 5.4 -15.6
sink 56 -15.8 14.7
sink 71 14.2 -13.0
sink 8 -0.3 -4.7
sink 82 14.3 -12.3
sink 25 19.3 -19.4
sink 23 -16.9 17.9
sink 81 -2.5 0.7
sink 0 3.3 -2.0
sink 54 4.9 1.6
sink 58 11.3 -0.9
sink 29 -15.2 19.6
sink 34 -19.3 -4.5
sink 5 -0.3 -18.6
sink 4 -15.6 18.3
sink 63 16.8 -4.2
sink 19 15.2 -8.1
sink 33 -17.7 -2.0
sink 22 -19.8 -13.3
sink 60 12.2 9.3
sink 20 10.4 -9.4
sink 26 -8.8 -16.1
sink 64 -1.8 -6.4
sink 48 1.8 11.8
sink 36 -0.1 19.0
sink 59 -14.6 -4.8
sink 90 2.4 1.0
sink 27 16.6 -10.4
sink 53 -14.3 2.2
sink 69 -12.3 -5.4
sink 75 3.3 9.9
sink 28 -11.9 -3.3
sink 3 9.4 17.7
sink 39 -13.5 6.6
sink 55 -16.3 14.3
sink 79 15.0 -11.8
sink 84 -14.7 -1.2
sink 45 13.3 -2.1
sink 80 13.5 -19.2
sink 94 -18.8 8.7
sink 65 10.5 8.4
sink 67 -2.0 -14.9
sink 91 -12.9 6.6
sink 31 -17.1 5.8
sink 21 -16.8 -15.4
sink 68 13.8 -2.8
sink 47 3.7 7.5
sink 93 18.2 16.2
sink 73 -11.9 10.1
sink 9 1.3 8.4
sink 98 -17.3 13.3
sink 95 -17.1 15.5
sink 14 -0.8 -8.1
sink 72 -8.9 18.3
sink 15 -17.1 -5.4
sink 11 2.5 -18.8
sink 38 16.0 -18.5
sink 89 17.4 -5.6
sink 86 -17.4 17.1
sink 87 6.5 -12.0
sink 41 -3.5 -16.7
sink 42 -7.0 -1.7
sink 77 -2.0 6.0
sink 78 19.2 -0.5
sink 51 17.8 -6.5
sink 85 16.3 -13.2
sink 18 -18.3 13.2
sink 57 -16.4 -19.9
sink 7 -19.1 13.7
sink 2 12.2 -18.9
sink 1 -15.9 6.3
sink 10 -13.6 3.9
sink 88 -9.8 -11.5
sink 13 19.6 16.1
sink 76 5.0 7.7
sink 92 15.5 -19.6
sink 16 10.9 -5.5
sink 37 -7.7 13.2
sink 70 4.9 12.8
sink 96 16.9 -12.4
sink 40 -4.0 -0.8
sink 49 11.0 -1.5
sink 62 4.9 10.4
sink 32 -4.1 15.8
sink 61 9.0 -4.7
sink 17 10.4 19.5
sink 6 2.8 11.8
sink 30 -11.8 0.4
sink 12 7.1 8.7
sink 52 -9.9 -13.1
sink 44 1.2 -6.1
sink 66 -17.6 -4.3
sink 46 11.8 10.4
sink 43 12.3 7.2
sink 97 -11.8 16.0
sink 50 -3.3 -13.8
sink 74 11.0 -11.1
sink 83 12.2 6.0
