number_of_sinks 1000

sink 5 39.7 -35.6
sink 860 -32.7 15.8
sink 829 -24.7 -45.2
sink 917 -32.9 -48.6
sink 332 -31.5 -21.6
sink 822 43.9 16.8
sink 765 -1.7 -10.0
sink 986 -3.8 42.0
sink 4 25.0 -45.8
sink 15 11.7 -40.9
sink 437 34.4 17.4
sink 97 -33.3 1.6
sink 825 -15.2 -5.3
sink 619 0.0 29.8
sink 503 8.3 9.2
sink 73 -12.6 -31.7
sink 970 24.6 35.2
sink 523 -44.9 4.0
sink 184 33.6 35.8
sink 122 26.3 32.0
sink 700 41.9 7.9
sink 682 16.2 -37.2
sink 199 24.7 33.1
sink 90 -3.2 48.4
sink 805 24.3 -44.6
sink 444 -24.4 33.1
sink 411 19.8 26.2
sink 551 2.0 35.3
sink 707 20.8 9.7
sink 912 -36.5 21.3
sink 741 -8.2 -18.2
sink 538 35.5 -3.0
sink 800 40.9 -39.7
sink 851 6.0 -45.8
sink 869 17.2 -10.1
sink 909 4.2 -23.7
sink 718 31.2 0.9
sink 512 42.0 -45.2
sink 906 -13.7 2.5
sink 901 37.4 3.8
sink 808 19.7 6.3
sink 67 -41.7 -45.5
sink 608 21.7 -43.5
sink 474 42.5 20.8
sink 499 2.5 -35.3
sink 129 -38.6 11.1
sink 936 -48.2 28.4
sink 690 -32.1 4.8
sink 945 35.9 12.2
sink 246 -2.3 40.6
sink 467 -14.6 46.6
sink 197 16.6 -17.5
sink 198 -7.6 -5.6
sink 504 -12.8 -20.5
sink 823 32.5 -16.7
sink 683 -48.3 29.8
sink 982 1.0 -12.7
sink 363 -24.3 14.5
sink 112 -45.6 8.1
sink 436 19.1 10.3
sink 902 -12.3 -18.8
sink 775 46.7 -21.5
sink 179 33.8 38.3
sink 17 20.6 -35.6
sink 427 -17.7 21.7
sink 487 -18.4 -48.5
sink 988 8.4 43.2
sink 661 -40.7 -14.0
sink 681 1.6 39.3
sink 632 -24.9 -21.4
sink 818 10.2 26.2
sink 536 48.2 19.9
sink 64 48.0 47.1
sink 586 48.0 44.0
sink 78 -7.6 41.5
sink 553 5.1 44.4
sink 305 -4.7 -24.2
sink 172 -5.2 -5.0
sink 978 36.6 -43.5
sink 163 -15.3 -43.9
sink 162 -10.0 27.4
sink 669 44.1 0.3
sink 893 -49.7 -3.4
sink 921 11.9 16.9
sink 128 -30.0 -25.8
sink 944 -29.5 45.0
sink 524 -19.4 15.6
sink 526 -4.2 -19.9
sink 602 10.5 1.4
sink 86 30.1 -40.6
sink 200 13.6 44.8
sink 961 -35.1 11.8
sink 974 44.0 31.2
sink 665 20.0 43.3
sink 25 11.5 30.0
sink 897 16.6 -19.3
sink 421 3.3 31.8
sink 605 -41.0 48.4
sink 628 -27.7 -34.9
sink 273 8.0 -0.3
sink 939 40.3 4.8
sink 269 -46.2 -36.5
sink 87 8.7 -43.2
sink 764 36.3 30.9
sink 746 29.6 -41.3
sink 227 7.0 -40.7
sink 10 22.5 20.7
sink 643 -21.4 9.3
sink 41 -7.0 46.4
sink 911 -35.0 -19.3
sink 371 37.5 48.2
sink 757 -7.6 -34.3
sink 783 41.7 44.5
sink 225 -4.8 -39.3
sink 933 -42.5 1.4
sink 21 -45.8 38.0
sink 502 42.0 -22.5
sink 817 15.6 7.8
sink 753 -9.7 -35.4
sink 441 46.8 38.7
sink 830 14.9 15.4
sink 271 4.3 -26.8
sink 167 -3.3 -0.7
sink 232 3.1 -31.0
sink 486 31.5 -42.5
sink 967 -34.4 -1.9
sink 570 -29.3 45.6
sink 356 12.9 -45.2
sink 55 -24.5 7.1
sink 89 -16.3 -7.3
sink 438 22.6 29.7
sink 653 -31.2 -40.0
sink 492 -48.0 -48.4
sink 509 9.1 -47.9
sink 288 -10.9 12.3
sink 418 35.5 -42.4
sink 975 8.8 11.2
sink 634 16.2 -40.6
sink 217 -6.2 12.5
sink 471 4.4 9.8
sink 300 38.0 -30.9
sink 108 -42.4 -37.8
sink 601 31.5 36.2
sink 214 -31.2 -10.3
sink 771 34.3 15.3
sink 423 32.1 13.5
sink 583 -21.1 11.0
sink 672 33.2 1.8
sink 535 26.0 -23.8
sink 342 -14.9 -16.3
sink 849 7.0 -30.0
sink 392 34.5 -20.8
sink 618 36.0 21.8
sink 240 19.9 -4.5
sink 852 -25.5 9.2
sink 428 -1.9 -14.0
sink 141 42.1 -17.7
sink 813 20.4 -14.2
sink 579 -7.6 5.8
sink 448 48.6 44.9
sink 295 -20.4 2.7
sink 317 7.8 19.2
sink 521 0.2 -25.6
sink 394 11.2 -28.8
sink 856 -36.4 -30.6
sink 785 -45.3 -2.4
sink 615 26.7 32.6
sink 948 -44.2 44.1
sink 136 17.5 46.5
sink 105 -10.3 20.4
sink 956 -1.4 33.1
sink 547 2.8 -33.9
sink 476 -26.0 7.4
sink 119 -3.7 17.2
sink 42 24.7 -20.2
sink 385 -16.7 10.4
sink 447 5.2 -1.9
sink 827 -21.9 -20.3
sink 789 -10.9 -14.8
sink 478 -2.3 13.5
sink 533 -0.3 7.1
sink 664 -24.7 -6.3
sink 882 -1.3 29.7
sink 370 -3.1 -36.5
sink 758 -29.0 31.4
sink 446 32.2 24.1
sink 836 25.4 24.9
sink 928 -23.9 37.6
sink 404 -22.2 28.4
sink 120 -48.3 11.2
sink 473 -17.6 2.4
sink 170 -1.0 -0.2
sink 516 42.9 -49.7
sink 63 44.3 30.7
sink 252 15.8 0.3
sink 736 -10.8 -17.0
sink 321 -38.1 -32.3
sink 91 -25.7 -1.5
sink 381 17.5 -41.4
sink 215 -10.8 -20.6
sink 693 -32.3 -18.9
sink 147 24.7 8.4
sink 484 -26.2 -1.4
sink 350 48.5 2.8
sink 241 -47.8 46.9
sink 431 48.9 39.8
sink 633 -19.0 14.4
sink 720 46.5 34.7
sink 40 -12.5 41.3
sink 964 35.4 -34.9
sink 929 22.4 21.5
sink 54 38.2 -16.0
sink 654 -41.2 2.8
sink 439 -42.2 3.4
sink 566 8.7 6.2
sink 518 16.2 10.9
sink 202 -45.3 42.4
sink 722 23.2 -29.7
sink 116 -0.1 -34.3
sink 77 -17.5 -14.5
sink 979 48.7 18.7
sink 493 -27.6 1.6
sink 308 -26.0 11.4
sink 132 22.6 40.2
sink 139 45.3 -37.0
sink 971 -30.7 17.2
sink 801 -30.7 26.7
sink 920 11.9 25.7
sink 346 -5.1 -6.0
sink 498 -40.3 28.6
sink 465 46.6 -21.1
sink 26 32.8 -30.5
sink 677 30.0 12.1
sink 234 45.5 4.0
sink 406 50.0 -45.8
sink 743 -45.1 -13.9
sink 44 -4.3 -13.1
sink 561 -46.7 20.2
sink 868 41.7 23.1
sink 506 -16.4 7.4
sink 118 40.6 24.0
sink 333 -30.4 -1.2
sink 169 -3.9 43.5
sink 630 5.3 -4.1
sink 303 20.9 3.9
sink 790 15.5 -10.5
sink 678 -15.7 7.5
sink 88 -23.6 2.3
sink 166 -14.0 28.3
sink 142 48.8 21.2
sink 490 16.3 -26.4
sink 735 -5.7 0.6
sink 231 -39.7 -27.2
sink 497 50.0 31.4
sink 958 -20.0 3.4
sink 164 -47.5 0.2
sink 993 -11.5 6.0
sink 560 -5.4 -5.8
sink 604 2.1 -40.8
sink 891 34.9 -1.0
sink 577 -11.1 -4.7
sink 923 35.9 -19.2
sink 862 14.9 -42.3
sink 750 -10.7 -25.1
sink 792 17.3 18.2
sink 946 14.4 8.3
sink 957 19.7 22.8
sink 663 13.9 30.7
sink 290 31.0 38.5
sink 71 -24.3 -23.2
sink 584 -48.6 -48.0
sink 617 47.3 19.8
sink 207 -25.5 -18.0
sink 222 19.6 -19.4
sink 955 34.8 -19.1
sink 203 -12.8 28.3
sink 259 28.6 33.4
sink 481 0.9 -32.7
sink 65 3.5 -13.3
sink 931 7.8 -17.0
sink 6 14.2 38.7
sink 710 23.5 45.8
sink 623 -45.3 -22.1
sink 625 22.8 -6.5
sink 649 -15.4 -3.7
sink 442 -17.9 34.3
sink 403 20.9 -48.1
sink 391 15.3 -26.5
sink 16 -21.5 -27.3
sink 514 21.1 12.8
sink 472 1.2 32.7
sink 329 -15.7 11.0
sink 291 15.8 -42.7
sink 963 16.6 -8.6
sink 574 -46.0 -10.4
sink 568 -25.8 -46.1
sink 885 8.5 -33.9
sink 382 -47.1 -24.2
sink 915 -45.0 23.7
sink 284 -7.2 43.7
sink 103 44.2 -37.0
sink 430 -49.1 43.4
sink 11 -44.5 37.2
sink 997 11.5 -28.3
sink 405 2.0 -21.0
sink 992 31.7 41.8
sink 904 39.3 47.4
sink 216 -49.7 9.2
sink 337 -48.0 -0.1
sink 744 -42.6 -43.8
sink 703 44.5 -13.3
sink 666 -46.8 -21.3
sink 787 -37.7 -2.5
sink 68 33.0 -7.8
sink 262 -42.1 -35.3
sink 264 -39.0 -38.1
sink 596 -30.2 24.7
sink 13 17.4 38.6
sink 706 -17.0 23.6
sink 832 -34.8 -35.6
sink 620 -14.2 -47.1
sink 298 29.4 9.5
sink 360 -46.7 10.7
sink 802 49.9 -2.3
sink 24 -36.5 32.3
sink 297 -36.9 -40.8
sink 193 3.0 41.8
sink 384 -18.6 -19.2
sink 245 6.2 -48.1
sink 863 -44.5 -28.5
sink 730 -18.3 -22.2
sink 908 -38.6 24.0
sink 59 40.3 26.6
sink 410 -3.0 12.0
sink 806 39.8 -38.9
sink 72 -44.0 -32.6
sink 398 49.7 -32.0
sink 833 -42.0 -29.9
sink 857 -47.7 -35.4
sink 715 -42.5 24.3
sink 949 -20.0 -29.9
sink 778 -35.2 46.1
sink 358 49.7 -17.7
sink 280 22.7 -40.2
sink 704 4.0 -6.2
sink 871 47.1 -38.2
sink 761 -2.3 -28.1
sink 763 13.8 28.2
sink 719 -39.2 -29.7
sink 396 18.1 -35.3
sink 20 42.1 -15.4
sink 320 17.2 -38.1
sink 731 40.5 42.7
sink 585 -42.3 13.0
sink 607 -40.3 35.8
sink 429 -3.5 -3.6
sink 675 -31.7 42.6
sink 870 -7.7 -44.0
sink 466 24.8 4.8
sink 12 24.8 -49.8
sink 501 -10.4 -1.0
sink 218 -6.4 -41.0
sink 357 -32.3 -44.3
sink 965 41.4 -34.1
sink 399 30.1 30.2
sink 610 23.7 46.3
sink 110 46.0 40.5
sink 953 48.2 -31.5
sink 244 -33.9 -8.4
sink 543 -35.5 37.6
sink 694 26.7 -14.5
sink 812 -18.3 -33.0
sink 567 -15.9 5.5
sink 401 -27.8 -23.5
sink 483 -35.0 0.4
sink 45 -35.3 36.4
sink 642 -34.4 -9.7
sink 425 -36.5 -6.4
sink 407 -23.6 -5.5
sink 991 -47.3 40.8
sink 655 35.4 16.3
sink 458 -10.7 -34.9
sink 387 -7.2 39.6
sink 557 46.6 13.6
sink 714 -47.0 11.6
sink 158 -29.7 -29.4
sink 242 35.4 40.1
sink 766 3.8 -38.5
sink 228 -42.9 -22.0
sink 452 -10.2 -38.5
sink 101 16.4 -1.9
sink 773 32.9 40.5
sink 612 -5.3 12.9
sink 774 -33.9 29.2
sink 2 -17.4 -46.8
sink 75 -34.0 -2.7
sink 515 -37.2 -16.1
sink 417 47.0 -21.9
sink 960 -18.0 -4.0
sink 821 7.4 -41.9
sink 985 7.8 -41.5
sink 660 -30.6 -12.2
sink 223 8.9 -49.5
sink 100 -4.2 40.1
sink 572 4.5 32.0
sink 161 5.6 -13.6
sink 691 -4.5 -0.7
sink 927 -4.3 -15.6
sink 942 -14.7 20.4
sink 445 -18.0 35.6
sink 899 22.1 -38.8
sink 918 46.7 27.2
sink 702 -1.9 32.0
sink 603 13.2 -18.7
sink 365 43.4 31.2
sink 900 -38.1 22.5
sink 984 1.2 44.2
sink 883 39.6 41.9
sink 235 -26.9 46.3
sink 353 13.3 6.7
sink 569 43.9 33.9
sink 680 16.9 -46.9
sink 581 -21.7 47.5
sink 292 -49.4 24.8
sink 46 41.1 7.1
sink 275 42.5 30.2
sink 755 -22.9 37.4
sink 937 -17.0 -19.4
sink 463 45.6 48.4
sink 213 -24.8 10.0
sink 668 29.4 -42.5
sink 485 11.1 2.8
sink 738 -39.7 50.0
sink 845 -49.2 8.5
sink 807 3.8 -19.7
sink 191 -24.3 24.4
sink 135 45.4 13.9
sink 263 -34.9 -36.3
sink 256 24.0 5.2
sink 322 24.5 17.7
sink 160 9.0 -13.7
sink 424 -2.8 -7.7
sink 412 -49.0 21.0
sink 39 -4.5 42.1
sink 117 -21.4 27.4
sink 461 45.7 -20.2
sink 544 30.7 -20.7
sink 622 -18.3 -46.1
sink 527 -7.1 -47.7
sink 157 -35.9 -32.6
sink 886 -46.4 -30.6
sink 109 -42.8 -22.7
sink 520 -47.9 30.3
sink 914 16.4 -19.8
sink 980 -27.5 -48.1
sink 952 -33.8 36.4
sink 796 16.3 4.5
sink 150 -49.2 -15.0
sink 420 27.1 -35.7
sink 727 19.7 37.4
sink 165 23.9 49.9
sink 173 -33.8 -12.6
sink 366 -28.0 4.3
sink 419 18.1 20.0
sink 826 -41.1 -22.8
sink 573 -31.4 -39.7
sink 294 18.3 28.4
sink 548 35.3 29.8
sink 9 -29.0 7.2
sink 426 47.0 -31.4
sink 327 35.8 19.3
sink 804 -20.1 -40.8
sink 930 -47.8 -19.8
sink 606 41.0 -15.6
sink 133 -19.4 -26.7
sink 709 49.3 -8.1
sink 279 32.5 16.1
sink 508 40.9 -15.7
sink 149 -22.8 -2.4
sink 393 32.0 4.2
sink 815 30.1 33.1
sink 635 31.1 -17.6
sink 794 29.2 33.4
sink 190 -33.2 -23.4
sink 8 32.5 22.5
sink 354 -30.1 -23.1
sink 375 1.6 -8.2
sink 692 43.5 34.1
sink 479 20.4 -23.1
sink 80 -38.3 37.7
sink 938 -5.4 -18.3
sink 258 36.5 -14.3
sink 0 -34.2 -46.7
sink 85 7.9 -40.6
sink 14 -34.6 -47.1
sink 287 -6.2 6.9
sink 890 -30.1 16.0
sink 95 -46.2 46.2
sink 835 -1.8 3.9
sink 220 37.8 -16.2
sink 898 -11.5 -18.2
sink 480 -47.2 -12.1
sink 355 23.6 29.7
sink 19 -19.3 -14.3
sink 791 -11.4 -20.4
sink 301 19.0 49.7
sink 701 -16.5 -41.7
sink 456 28.1 -14.7
sink 188 46.4 22.1
sink 195 -31.0 24.5
sink 38 -3.3 -2.8
sink 511 -24.7 43.6
sink 698 -28.7 -27.3
sink 996 -39.2 27.3
sink 777 -48.0 -26.9
sink 652 -23.4 -16.0
sink 409 -2.0 -15.4
sink 934 -6.8 19.1
sink 3 -41.6 32.8
sink 340 32.2 36.9
sink 562 -13.3 38.6
sink 671 -30.1 -28.2
sink 144 40.9 0.7
sink 33 12.8 30.1
sink 613 8.0 -46.6
sink 697 15.0 14.5
sink 531 -41.2 12.6
sink 468 -34.0 15.3
sink 459 -13.0 -45.9
sink 999 -3.9 7.2
sink 250 -27.4 -5.5
sink 102 -1.9 11.2
sink 894 -31.5 -28.2
sink 201 33.0 -4.2
sink 34 30.8 38.3
sink 626 -7.1 -45.6
sink 644 -19.6 14.1
sink 187 -23.2 -24.5
sink 913 18.4 -9.1
sink 489 -4.7 -45.5
sink 374 -29.1 -13.1
sink 616 36.0 -11.4
sink 450 21.3 4.2
sink 940 23.2 -32.2
sink 530 -43.9 -13.3
sink 549 -7.5 -35.8
sink 889 40.2 48.5
sink 422 -20.7 -31.0
sink 589 -44.9 -36.2
sink 281 17.4 -28.4
sink 328 -19.0 -22.8
sink 732 -21.0 39.4
sink 37 5.4 -33.0
sink 257 -43.7 -20.2
sink 35 44.0 28.4
sink 208 -19.0 17.8
sink 733 8.8 28.2
sink 769 -45.4 49.0
sink 66 21.3 -39.8
sink 248 -40.4 3.3
sink 186 -29.9 -6.0
sink 994 32.8 -18.8
sink 48 12.3 38.2
sink 341 -15.3 36.3
sink 977 -5.0 25.1
sink 881 4.5 30.5
sink 797 18.4 34.4
sink 282 36.5 -39.1
sink 676 27.7 6.0
sink 137 -21.3 35.5
sink 212 -0.7 44.3
sink 713 11.9 7.9
sink 124 44.8 41.7
sink 725 9.7 -18.7
sink 819 -10.8 29.8
sink 687 -10.8 26.2
sink 58 29.7 -7.3
sink 219 5.6 -26.2
sink 537 -13.9 -17.9
sink 123 -43.3 -1.8
sink 578 3.1 47.8
sink 175 -3.8 39.5
sink 843 -4.3 -31.8
sink 131 -35.4 -27.0
sink 751 9.7 18.8
sink 724 -13.6 -35.6
sink 255 -35.7 -48.1
sink 739 20.1 -45.9
sink 888 -44.2 -11.6
sink 935 49.7 23.5
sink 414 37.0 -34.1
sink 23 28.8 -32.1
sink 636 -46.4 49.9
sink 983 -4.2 -27.1
sink 267 -2.6 -44.5
sink 155 23.5 -7.5
sink 522 39.5 16.3
sink 51 5.8 -32.7
sink 176 13.9 38.2
sink 695 -10.7 47.2
sink 621 -10.6 12.8
sink 674 -25.5 -34.8
sink 855 48.1 27.7
sink 874 5.9 -36.2
sink 115 36.2 12.9
sink 82 -14.0 -47.4
sink 640 -48.0 3.6
sink 563 38.9 28.9
sink 236 32.1 22.9
sink 850 25.5 36.9
sink 658 29.0 -2.7
sink 768 -10.4 29.7
sink 285 -41.5 -33.8
sink 114 40.8 -43.6
sink 99 36.8 -32.1
sink 243 9.3 46.3
sink 770 22.1 -17.3
sink 18 13.8 -25.9
sink 737 -37.0 2.2
sink 247 23.8 4.5
sink 959 -19.7 -10.1
sink 325 -16.1 -6.0
sink 151 8.3 -29.0
sink 926 0.2 8.5
sink 94 24.4 -20.5
sink 229 -0.6 -49.6
sink 943 -32.2 12.2
sink 309 47.0 -15.1
sink 180 29.8 9.4
sink 185 14.3 23.5
sink 127 5.7 -26.2
sink 593 48.2 39.4
sink 324 15.6 28.8
sink 716 -33.1 -38.4
sink 587 -26.5 -43.4
sink 745 -33.4 5.3
sink 53 -37.4 22.4
sink 667 -2.3 34.5
sink 494 -12.1 -49.1
sink 734 1.6 -46.3
sink 637 2.9 25.7
sink 260 -25.1 33.8
sink 390 17.1 22.0
sink 134 32.0 49.4
sink 343 0.7 -27.8
sink 92 18.6 32.4
sink 749 19.1 44.8
sink 111 -40.4 -8.0
sink 230 29.1 8.2
sink 373 -46.8 45.4
sink 455 21.6 -49.0
sink 513 -8.1 -19.4
sink 125 20.9 -23.0
sink 864 -6.0 22.9
sink 265 19.9 15.2
sink 104 -47.8 -7.8
sink 323 33.8 -10.6
sink 990 -26.9 25.6
sink 588 46.1 10.1
sink 182 20.7 -13.3
sink 590 27.5 -19.0
sink 582 -2.8 3.5
sink 440 26.1 -16.4
sink 395 -39.8 35.9
sink 372 49.4 -35.1
sink 542 -15.6 46.6
sink 853 -40.5 -16.1
sink 361 -42.3 -27.5
sink 276 3.3 -5.5
sink 416 -39.5 -42.6
sink 238 -23.6 33.4
sink 29 15.9 -4.7
sink 989 20.5 -25.6
sink 367 28.8 -30.0
sink 748 17.5 -7.6
sink 932 47.1 31.5
sink 433 -11.8 20.6
sink 81 -6.5 -48.2
sink 138 11.7 29.5
sink 841 -9.0 19.5
sink 878 -7.6 -10.9
sink 545 4.0 32.3
sink 74 -40.9 -18.9
sink 443 -21.3 -7.0
sink 415 40.1 22.6
sink 793 -9.9 31.4
sink 36 -37.5 25.0
sink 799 44.1 -44.7
sink 525 -7.5 38.5
sink 454 -3.4 -37.9
sink 221 9.8 -1.1
sink 740 32.7 2.1
sink 254 38.6 -1.5
sink 858 45.5 -1.2
sink 121 -16.0 -33.6
sink 152 -1.9 -27.3
sink 316 46.6 45.7
sink 684 45.2 9.8
sink 905 -40.7 -22.5
sink 177 -39.0 44.6
sink 253 22.4 16.3
sink 816 20.7 -18.4
sink 941 -45.5 44.7
sink 482 2.1 14.4
sink 600 -19.2 45.9
sink 877 47.5 22.9
sink 211 -12.4 -34.8
sink 505 8.1 12.9
sink 359 31.2 35.4
sink 174 -28.1 25.3
sink 183 5.0 47.5
sink 555 -39.7 -30.0
sink 646 8.5 -19.0
sink 954 35.6 -31.3
sink 875 18.7 2.1
sink 335 -43.8 -6.6
sink 98 -35.4 -27.7
sink 171 -49.4 44.1
sink 451 -24.8 -46.1
sink 189 -33.9 -32.0
sink 517 -26.3 -48.8
sink 876 -7.3 -13.9
sink 781 -49.8 -36.7
sink 840 34.6 -18.8
sink 541 -30.4 4.9
sink 648 39.4 -33.9
sink 859 -13.4 -0.5
sink 629 -23.4 -29.4
sink 831 -28.3 9.6
sink 261 5.3 24.4
sink 388 25.5 12.3
sink 351 35.7 -40.9
sink 79 2.5 13.0
sink 820 -17.9 -21.9
sink 146 46.3 -38.0
sink 274 -41.9 15.8
sink 844 24.1 -5.4
sink 810 2.5 22.5
sink 884 45.2 -26.9
sink 651 -8.4 -47.5
sink 950 10.5 47.6
sink 657 -44.7 -6.5
sink 307 -14.9 -4.5
sink 349 48.6 29.2
sink 848 7.8 4.0
sink 552 -34.6 3.3
sink 540 -22.5 20.6
sink 178 24.4 -38.8
sink 206 26.5 -9.3
sink 339 31.9 -21.8
sink 464 -5.2 -45.5
sink 641 -25.6 -20.5
sink 896 28.8 11.1
sink 22 -0.4 48.5
sink 491 47.9 -46.1
sink 389 -24.1 -13.8
sink 824 17.4 -41.3
sink 266 20.9 -7.3
sink 7 -4.8 -2.4
sink 408 6.4 -10.3
sink 30 38.4 -15.5
sink 126 43.5 -43.3
sink 233 -41.3 29.2
sink 113 -30.7 25.0
sink 656 -15.8 15.8
sink 705 -40.3 -0.5
sink 966 -37.5 -18.8
sink 69 -11.4 29.3
sink 519 35.9 34.3
sink 546 -5.4 13.1
sink 449 -41.4 -27.1
sink 61 15.2 33.8
sink 500 -49.8 25.3
sink 673 29.4 3.0
sink 336 -14.5 -14.7
sink 226 -30.9 1.5
sink 413 -19.7 12.0
sink 31 -6.6 -47.6
sink 685 -10.2 26.3
sink 352 31.1 -37.4
sink 550 37.5 -13.3
sink 397 -10.4 36.6
sink 477 4.4 5.6
sink 251 9.7 -40.0
sink 919 -2.9 25.8
sink 767 -48.1 -18.6
sink 772 -11.3 26.7
sink 998 40.7 -12.1
sink 752 36.9 -10.1
sink 475 4.7 -47.6
sink 56 -27.4 44.6
sink 495 33.0 -47.6
sink 83 -45.6 6.5
sink 839 33.4 42.7
sink 270 -10.0 18.8
sink 995 -30.7 2.0
sink 277 38.1 -48.9
sink 249 -32.6 -40.1
sink 861 -5.1 -39.6
sink 837 14.8 41.1
sink 470 -36.7 47.9
sink 907 -40.9 -45.5
sink 559 -29.6 -8.7
sink 631 -46.5 26.7
sink 196 12.3 24.5
sink 32 -40.1 -39.7
sink 786 44.7 -4.7
sink 699 -28.0 -13.7
sink 779 -2.2 -28.3
sink 496 -17.2 -27.7
sink 867 2.5 15.7
sink 895 -4.0 -43.5
sink 239 44.1 -11.2
sink 726 -26.7 7.7
sink 925 -34.8 8.8
sink 462 -33.8 -27.2
sink 872 -9.4 42.9
sink 598 42.3 -40.8
sink 330 11.4 -36.4
sink 556 42.9 37.8
sink 283 -29.3 -18.3
sink 93 9.4 31.7
sink 209 -21.2 -46.2
sink 639 23.2 7.3
sink 268 -16.8 23.4
sink 828 14.8 7.8
sink 286 -21.7 34.9
sink 780 -21.9 -39.8
sink 210 -38.1 36.4
sink 670 8.8 -46.5
sink 453 19.5 -25.5
sink 784 46.3 -11.4
sink 662 48.5 14.7
sink 854 37.8 8.2
sink 910 -33.3 17.3
sink 916 -15.6 23.5
sink 760 -47.9 43.9
sink 159 2.9 -45.2
sink 532 -49.4 47.6
sink 711 -18.7 -17.9
sink 145 12.3 -33.8
sink 296 -4.3 42.6
sink 1 -20.8 -37.8
sink 729 15.0 -47.8
sink 27 32.0 15.3
sink 976 33.8 -1.0
sink 645 10.8 -16.8
sink 565 36.0 -45.7
sink 84 -47.9 4.9
sink 402 -1.5 -45.3
sink 788 -32.1 -19.1
sink 205 -25.5 -27.4
sink 380 -30.8 -29.1
sink 659 -25.5 -15.2
sink 302 23.9 14.4
sink 879 -7.4 16.8
sink 47 47.2 -7.0
sink 814 -9.3 -23.4
sink 383 48.6 35.7
sink 776 -24.3 -6.8
sink 315 48.6 23.7
sink 338 43.9 -34.9
sink 50 -2.1 22.2
sink 803 10.7 -48.7
sink 460 -44.2 11.8
sink 650 -0.3 37.0
sink 52 45.6 -43.1
sink 140 29.5 -40.7
sink 377 10.2 38.3
sink 576 -19.5 -27.6
sink 224 27.8 -35.4
sink 811 -15.2 22.3
sink 865 -7.6 25.1
sink 130 46.7 -15.6
sink 318 -44.5 44.8
sink 153 -41.7 13.3
sink 278 -23.2 33.1
sink 310 9.9 46.4
sink 362 11.1 15.6
sink 539 -31.9 -21.3
sink 922 -7.5 -29.8
sink 319 -8.7 -8.8
sink 434 -44.8 -42.8
sink 57 2.5 -25.5
sink 488 -4.3 31.8
sink 314 -3.2 37.7
sink 312 -7.5 -5.0
sink 747 25.5 4.5
sink 194 36.3 11.3
sink 987 -28.4 5.6
sink 624 40.7 39.2
sink 457 44.7 -39.2
sink 28 -26.0 35.2
sink 334 0.2 -4.2
sink 106 -14.9 -0.4
sink 76 1.0 19.7
sink 759 30.6 -30.5
sink 647 14.7 -10.3
sink 558 -45.5 -20.9
sink 379 -11.3 -13.7
sink 168 -26.7 -3.8
sink 686 -15.3 41.6
sink 609 34.5 -22.7
sink 469 -39.8 -43.2
sink 611 -14.9 31.4
sink 679 48.2 -23.2
sink 728 29.6 -14.3
sink 688 -20.6 45.4
sink 873 0.6 -44.3
sink 378 2.7 8.0
sink 364 35.7 46.9
sink 345 41.6 -19.2
sink 842 13.6 17.0
sink 432 -40.6 -41.3
sink 272 -11.8 -25.2
sink 592 -24.7 27.4
sink 435 34.3 -43.4
sink 754 12.9 3.9
sink 838 -46.8 -26.7
sink 43 36.3 -42.7
sink 400 16.0 -42.2
sink 386 32.1 1.4
sink 594 41.7 -46.1
sink 708 12.4 46.0
sink 580 -8.9 -28.3
sink 924 39.4 15.5
sink 204 -12.0 -47.3
sink 595 -17.0 46.8
sink 969 17.9 26.5
sink 712 5.3 -3.7
sink 348 -42.4 -13.5
sink 834 0.9 -21.5
sink 892 44.1 -20.4
sink 880 -6.0 -22.1
sink 809 26.2 46.8
sink 575 -2.1 21.6
sink 564 -22.0 -33.7
sink 614 -10.3 -20.9
sink 756 -8.4 28.3
sink 344 20.2 32.2
sink 154 -20.3 28.9
sink 782 -33.3 -19.4
sink 951 6.8 16.3
sink 143 -11.7 -20.4
sink 762 -36.9 34.1
sink 717 14.6 33.8
sink 289 42.4 -13.1
sink 599 7.5 32.9
sink 554 30.9 12.9
sink 107 30.4 -3.2
sink 60 -41.2 -16.7
sink 510 26.3 -22.4
sink 368 5.4 -49.7
sink 973 -30.0 -8.5
sink 847 27.5 37.9
sink 866 -36.4 45.4
sink 331 1.0 -21.5
sink 306 -48.8 27.4
sink 846 -2.3 40.9
sink 795 -38.1 -0.2
sink 903 -12.8 -17.2
sink 326 -13.8 18.4
sink 369 -22.6 -5.3
sink 571 32.5 -13.8
sink 96 36.6 37.2
sink 347 -7.9 45.5
sink 313 28.2 -32.6
sink 529 -37.3 -48.2
sink 742 -20.8 30.1
sink 148 34.2 -0.7
sink 304 29.0 -36.4
sink 534 31.2 -18.6
sink 638 2.7 -11.0
sink 798 -34.2 -27.6
sink 887 -35.3 22.0
sink 972 32.2 12.6
sink 981 -41.3 -37.4
sink 528 39.6 29.4
sink 962 -26.1 -16.5
sink 192 -21.7 26.0
sink 689 6.7 -14.0
sink 696 10.3 -41.8
sink 156 12.0 -19.6
sink 311 49.7 37.4
sink 181 -44.6 34.8
sink 507 29.8 -20.7
sink 49 -43.1 -1.7
sink 947 2.5 -13.0
sink 70 38.4 40.0
sink 591 -26.0 -40.2
sink 237 28.1 -5.8
sink 62 -1.2 48.0
sink 376 -19.6 45.3
sink 597 -10.0 12.9
sink 299 -20.6 21.8
sink 627 12.1 -7.0
sink 721 14.6 -32.3
sink 723 35.7 13.8
sink 293 -36.6 19.1
sink 968 44.8 44.2
